0
5
30
32
40
62
71
115
122
128
131
151
154
156
173
190
198
207
211
213
217
225
262
269
280
284
285
299
308
322
324
330
332
362
374
386
390
402
403
469
497
516
529
536
537
542
548
569
598
610
618
629
636
638
648
652
658
669
682
701
724
727
730
737
752
753
769
776
800
800
801
810
813
844
870
872
874
875
877
878
896
919
921
944
974
976
976
979
989
1006
1024
1028
1047
1047
1048
1055
1057
1058
1064
1084
1087
1096
1100
1127
1134
1136
1138
1151
1165
1167
1187
1208
1214
1225
1237
1240
1259
1306
1323
1336
1344
1375
1406
1419
1443
1455
1458
1472
1489
1512
1521
1550
1556
1594
1617
1619
1634
1650
1673
1676
1678
1682
1692
1695
1699
1703
1721
1737
1748
1754
1757
1760
1775
1779
1786
1794
1825
1834
1855
1867
1892
1901
1903
1910
1915
1919
1919
1925
1944
1986
1986
1991
1999
2007
2007
2024
2025
2031
2040
2041
2061
2076
2085
2092
2118
2125
2151
2156
2166
2175
2183
2186
2212
2216
2219
2240
2243
2257
2264
2280
2288
2310
2318
2336
2343
2358
2368
2385
2387
2388
2395
2399
2405
2419
2437
2444
2458
2462
2468
2486
2509
2523
2537
2541
2543
2544
2545
2545
2561
2573
2574
2583
2600
2623
2626
2629
2635
2638
2641
2644
2667
2669
2671
2673
2678
2687
2692
2694
2698
2717
2725
2747
2748
2754
2769
2791
2795
2798
2803
2805
2810
2812
2814
2815
2819
2823
2830
2843
2844
2846
2852
2857
2863
2881
2883
2900
2906
2911
2915
2917
2928
2930
2937
2940
2950
2960
2971
2985
3011
3019
3024
3051
3052
3060
3072
3081
3082
3082
3102
3106
3112
3129
3147
3151
3153
3156
3166
3169
3172
3176
3183
3185
3199
3208
3217
3221
3224
3232
3235
3240
3247
3258
3280
3288
3292
3293
3303
3304
3311
3338
3349
3375
3380
3404
3433
3444
3475
3503
3506
3534
3541
3547
3547
3572
3579
3583
3596
3612
3621
3637
3640
3643
3653
3655
3658
3665
3670
3673
3693
3699
3702
3713
3730
3735
3738
3751
3794
3799
3802
3817
3822
3837
3849
3865
3865
3866
3868
3904
3909
3918
3925
3933
3942
3946
3978
3979
3980
3981
4009
4019
4030
4045
4068
4074
4074
4089
4090
4094
4097
4100
4102
4121
4128
4130
4143
4149
4165
4172
4182
4190
4195
4202
4228
4232
4245
4253
4256
4265
4284
4294
4302
4320
4331
4338
4339
4339
4339
4354
4366
4368
4374
4376
4378
4380
4381
4395
4400
4400
4403
4409
4428
4429
4440
4446
4447
4448
4449
4452
4458
4488
4491
4509
4519
4522
4543
4570
4574
4583
4585
4593
4602
4611
4619
4620
4621
4626
4633
4636
4647
4650
4657
4662
4688
4690
4693
4704
4707
4707
4716
4729
4750
4754
4755
4756
4764
4771
4784
4793
4801
4827
4829
4833
4837
4842
4845
4877
4891
4911
4926
4978
